 6 2 4 2
 7-1 2 2
-8 4 0-2

 3 1 2 1
 7-1 2 2
-8 4 0-2

 3 1 2 1
 7-1 2 2
 4-2 0 1

 3 1 2 1
 4-2 0 1
 4-2 0 1

 3 1 2 1 
 4-2 0 1   OK
 0 0 0 0

 ...

    1   -3  -2  |   0
    0   10  8   |   1
    0   0   0   |   0

    ====================


    3   2   1   5
    2   3   1   1
    2   1   3   11
    5   5   2   6

    3   2   1   5
    2   3   1   1
    0   2   -2  -10
    5   5   2   6

    3   0   3   15
    2   3   1   1
    0   2   -2  -10
    5   5   2   6

    3   0   3   15
    2   3   1   1
    0   2   -2  -10
    0   2   -2  -10

    3   0   3   15
    2   3   1   1
    0   2   -2  -10
    0   0   0   0

    6   0   6   30
    2   3   1   1
    0   2   -2  -10
    0   0   0   0

    0   -9   3   27
    2   3   1   1
    0   2   -2  -10
    0   0   0   0

    0   -3   1   9
    2   3   1   1
    0   1   -1  -5
    0   0   0   0

    0   0   2   6
    2   3   1   1
    0   1   -1  -5
    0   0   0   0

    2   3   1   1
    0   1   -1  -5
    0   0   2   6
    0   0   0   0
=======================


