256 8.55700325732899
304 8.929786066922654
362 9.317825886688162
430 9.614579294300116
512 10.110387495929665
608 10.34110227584316
724 10.804513009440479
861 11.136689254598258
1024 11.477942373433176
1217 11.872757156553897
1448 12.212961897087602
1722 12.5684832058852
2048 12.894766826727436
2435 13.241221165035252
2896 13.623539568345324
3444 13.993369791414606
4096 14.349135300101729
4870 14.70529450015401
5792 15.092803084803315
6888 15.439785128366443
8192 15.778498911517568
9741 16.15908974249294
11585 16.529686803147793
13777 16.9061951827343
16384 17.26573960102947
19483 17.624361617492323
23170 17.996770225652607
27554 18.353253933209537
32768 18.72041687223751
38967 19.086137356127647
46340 19.443639201694726
55108 19.79684073951979
