256 8.270358306188925
304 8.632473944048272
362 8.926761860893597
430 9.245831717720046
512 9.752523607945294
608 9.986564299424185
724 10.358507943817637
861 10.674927395934173
1024 11.016767051929024
1217 11.387070264347349
1448 11.719811212156095
1722 12.096408866518246
2048 12.391226499552372
2435 12.734615647888289
2896 13.101294964028776
3444 13.444707932052461
4096 13.789013224821973
4870 14.135904719531812
5792 14.49791372910132
6888 14.828489849251095
8192 15.154828996358162
9741 15.509881084780563
11585 15.856522176984276
13777 16.21914808676401
16384 16.567093578018984
19483 16.900767342190132
23170 17.268567605866824
27554 17.604011541043896
32768 17.95785501024887
38967 18.304819055521577
46340 18.642996126442693
55108 18.979893965467703
