100 3.637729549248748
200 3.6688907422852375
300 3.7515286270150083
400 3.7761567319716547
500 3.790930310103368
600 3.8063350930814117
700 3.798285306025244
800 3.802667222337987
900 3.8097795888127433
1000 3.8121353558926487
1100 3.83830883467192
1200 3.826781497430199
1300 3.829849980766765
1400 3.8300988212882485
1500 3.833648183131459
1600 3.8252943014897385
1700 3.8306696734974017
1800 3.8298916566348735
1900 3.8353364330204402
2000 3.835236269689141
2100 3.8303833637590285
2200 3.8335479960603074
2300 3.8349880426117835
2400 3.835613584276686
2500 3.8315221014734315
2600 3.831591768703122
2700 3.8365948515340453
2800 3.8358830882790644
2900 3.8375193976665325
3000 3.8329351630646147
