100 42.31051752921536
200 83.98165137614679
300 125.64980544747081
400 167.31721550646103
500 208.98432810936978
600 250.65129202556267
700 292.3181709930936
800 333.98499687434884
900 375.65178736803114
1000 417.318553092182
1100 458.985300803152
1200 500.6520350048618
1300 542.3187588152327
1400 583.9854744612454
1500 625.6521835759529
1600 667.3188873841025
1700 708.9855868222375
1800 750.652282618761
1900 792.3189753487148
2000 833.9856654721227
2100 875.6523533613779
2200 917.3190393211607
2300 958.9857236031596
2400 1000.6524064171123
2500 1042.319087939196
2600 1083.9857683184819
2700 1125.6524476819557
2800 1167.3191261384607
2900 1208.9858037818265
3000 1250.652480693372
