10 256 2.4755
10 304 2.5135
10 362 2.5202
10 430 2.511
10 512 2.5205
10 608 2.5207
10 724 2.4913
10 861 2.4912
10 1024 2.4997
10 1217 2.5151
10 1448 2.4954
10 1722 2.498
10 2048 2.5301
10 2435 2.5287
10 2896 2.4955
10 3444 2.5199
10 4096 2.5082
10 4870 2.5167
10 5792 2.5054
10 6888 2.4997
10 8192 2.5002
10 9741 2.4885
10 11585 2.5171
10 13777 2.5326
10 16384 2.5231
10 19483 2.4871
10 23170 2.5425
10 27554 2.5139
10 32768 2.5111
10 38967 2.5115
10 46340 2.5226
10 55108 2.5244
100 256 6.6959
100 304 6.7173
100 362 6.7117
100 430 6.7378
100 512 6.708
100 608 6.7585
100 724 6.6901
100 861 6.7955
100 1024 6.7533
100 1217 6.6945
100 1448 6.7367
100 1722 6.788
100 2048 6.7686
100 2435 6.763
100 2896 6.7398
100 3444 6.7894
100 4096 6.7797
100 4870 6.753
100 5792 6.797
100 6888 6.7562
100 8192 6.8265
100 9741 6.7484
100 11585 6.8113
100 13777 6.8356
100 16384 6.8266
100 19483 6.7853
100 23170 6.855
100 27554 6.8245
100 32768 6.8228
100 38967 6.7987
100 46340 6.8095
100 55108 6.8129
1000 1024 11.3826
1000 1217 11.4271
1000 1448 11.4828
1000 1722 11.5497
1000 2048 11.6021
1000 2435 11.5921
1000 2896 11.6241
1000 3444 11.6803
1000 4096 11.665
1000 4870 11.6458
1000 5792 11.5599
1000 6888 11.619
1000 8192 11.7188
1000 9741 11.6592
1000 11585 11.7567
1000 13777 11.8747
1000 16384 11.9522
1000 19483 12.0477
1000 23170 12.1227
1000 27554 12.07
1000 32768 12.1505
1000 38967 12.1869
1000 46340 12.2638
1000 55108 12.1941
