10 256 2.419
10 304 2.4545
10 362 2.4564
10 430 2.4617
10 512 2.4597
10 608 2.4552
10 724 2.4453
10 861 2.4453
10 1024 2.4429
10 1217 2.4556
10 1448 2.4493
10 1722 2.4412
10 2048 2.4692
10 2435 2.4813
10 2896 2.4432
10 3444 2.4659
10 4096 2.4622
10 4870 2.449
10 5792 2.4646
10 6888 2.4499
10 8192 2.4384
10 9741 2.4464
10 11585 2.4508
10 13777 2.4668
10 16384 2.4609
10 19483 2.5189
10 23170 2.4839
10 27554 2.4688
10 32768 2.4566
10 38967 2.4591
10 46340 2.4682
10 55108 2.4728
100 256 6.4726
100 304 6.5075
100 362 6.5035
100 430 6.5032
100 512 6.5232
100 608 6.5502
100 724 6.4914
100 861 6.5697
100 1024 6.5414
100 1217 6.4854
100 1448 6.5398
100 1722 6.5649
100 2048 6.5589
100 2435 6.5455
100 2896 6.5256
100 3444 6.5433
100 4096 6.5648
100 4870 6.5246
100 5792 6.5799
100 6888 6.5347
100 8192 6.6068
100 9741 6.5196
100 11585 6.5828
100 13777 6.6179
100 16384 6.575
100 19483 6.5615
100 23170 6.6221
100 27554 6.6015
100 32768 6.5947
100 38967 6.5907
100 46340 6.6071
100 55108 6.59
1000 1024 10.9981
1000 1217 11.0371
1000 1448 11.0833
1000 1722 11.1796
1000 2048 11.2105
1000 2435 11.2477
1000 2896 11.2913
1000 3444 11.3311
1000 4096 11.3456
1000 4870 11.3942
1000 5792 11.3529
1000 6888 11.3891
1000 8192 11.6569
1000 9741 11.6902
1000 11585 11.503
1000 13777 11.9038
1000 16384 11.7545
1000 19483 12.0032
1000 23170 11.6746
1000 27554 11.7176
1000 32768 11.7056
1000 38967 11.7215
1000 46340 11.8173
1000 55108 11.7573
